(kicad_pcb (version 20171130) (host pcbnew "(5.1.10)-1")

  (general
    (thickness 1.6)
    (drawings 16)
    (tracks 218)
    (zones 0)
    (modules 39)
    (nets 22)
  )

  (page A4)
  (layers
    (0 F.Cu signal)
    (31 B.Cu signal)
    (32 B.Adhes user)
    (33 F.Adhes user)
    (34 B.Paste user)
    (35 F.Paste user)
    (36 B.SilkS user)
    (37 F.SilkS user)
    (38 B.Mask user)
    (39 F.Mask user)
    (40 Dwgs.User user hide)
    (41 Cmts.User user)
    (42 Eco1.User user)
    (43 Eco2.User user)
    (44 Edge.Cuts user)
    (45 Margin user)
    (46 B.CrtYd user)
    (47 F.CrtYd user)
    (48 B.Fab user hide)
    (49 F.Fab user hide)
  )

  (setup
    (last_trace_width 0.25)
    (user_trace_width 0.4)
    (user_trace_width 0.8)
    (user_trace_width 1.2)
    (trace_clearance 0.2)
    (zone_clearance 0.254)
    (zone_45_only no)
    (trace_min 0.2)
    (via_size 0.8)
    (via_drill 0.4)
    (via_min_size 0.4)
    (via_min_drill 0.3)
    (uvia_size 0.3)
    (uvia_drill 0.1)
    (uvias_allowed no)
    (uvia_min_size 0.2)
    (uvia_min_drill 0.1)
    (edge_width 0.05)
    (segment_width 0.2)
    (pcb_text_width 0.3)
    (pcb_text_size 1.5 1.5)
    (mod_edge_width 0.12)
    (mod_text_size 1 1)
    (mod_text_width 0.15)
    (pad_size 1.524 1.524)
    (pad_drill 0.762)
    (pad_to_mask_clearance 0)
    (aux_axis_origin 0 0)
    (visible_elements 7FFFFFFF)
    (pcbplotparams
      (layerselection 0x010fc_ffffffff)
      (usegerberextensions true)
      (usegerberattributes false)
      (usegerberadvancedattributes false)
      (creategerberjobfile false)
      (excludeedgelayer true)
      (linewidth 0.100000)
      (plotframeref false)
      (viasonmask false)
      (mode 1)
      (useauxorigin false)
      (hpglpennumber 1)
      (hpglpenspeed 20)
      (hpglpendiameter 15.000000)
      (psnegative false)
      (psa4output false)
      (plotreference true)
      (plotvalue false)
      (plotinvisibletext false)
      (padsonsilk false)
      (subtractmaskfromsilk true)
      (outputformat 1)
      (mirror false)
      (drillshape 0)
      (scaleselection 1)
      (outputdirectory "gerber/"))
  )

  (net 0 "")
  (net 1 GND)
  (net 2 +3V3)
  (net 3 +5V)
  (net 4 /TXD)
  (net 5 /RXD)
  (net 6 /ESP_EN)
  (net 7 /BUT)
  (net 8 "Net-(D2-Pad1)")
  (net 9 /USB_ID_C)
  (net 10 /USB_ID)
  (net 11 /SD_DAT1)
  (net 12 /SD_DAT0)
  (net 13 /SD_CLK)
  (net 14 /SD_CMD)
  (net 15 /SD_DAT3)
  (net 16 /SD_DAT2)
  (net 17 /USB_D-)
  (net 18 /USB_D+)
  (net 19 /GPIO18)
  (net 20 /SD_CLK_R)
  (net 21 Vdrive)

  (net_class Default "This is the default net class."
    (clearance 0.2)
    (trace_width 0.25)
    (via_dia 0.8)
    (via_drill 0.4)
    (uvia_dia 0.3)
    (uvia_drill 0.1)
    (add_net +3V3)
    (add_net +5V)
    (add_net /BUT)
    (add_net /ESP_EN)
    (add_net /GPIO18)
    (add_net /RXD)
    (add_net /SD_CLK)
    (add_net /SD_CLK_R)
    (add_net /SD_CMD)
    (add_net /SD_DAT0)
    (add_net /SD_DAT1)
    (add_net /SD_DAT2)
    (add_net /SD_DAT3)
    (add_net /TXD)
    (add_net /USB_D+)
    (add_net /USB_D-)
    (add_net /USB_ID)
    (add_net /USB_ID_C)
    (add_net GND)
    (add_net "Net-(D2-Pad1)")
    (add_net Vdrive)
  )

  (module esp32-usb:GCT-MEM2055-00-190-01-A (layer F.Cu) (tedit 61F7AD68) (tstamp 61F8001D)
    (at 144.79 131.95 180)
    (descr http://www.farnell.com/datasheets/1917242.pdf)
    (tags "MicroSD card socket")
    (path /61F7FD4E)
    (attr smd)
    (fp_text reference J1 (at 0 -0.25 180) (layer F.SilkS)
      (effects (font (size 1 1) (thickness 0.15)))
    )
    (fp_text value Micro_SD_Card_Det (at 0 -9.05 180) (layer F.Fab)
      (effects (font (size 1 1) (thickness 0.15)))
    )
    (fp_line (start -7.6 5.5) (end -7.9 5.5) (layer F.CrtYd) (width 0.05))
    (fp_line (start -7.9 5.5) (end -7.9 8.1) (layer F.CrtYd) (width 0.05))
    (fp_line (start 8.6 5.5) (end 8.6 8.1) (layer F.CrtYd) (width 0.05))
    (fp_line (start 7.6 5.5) (end 8.6 5.5) (layer F.CrtYd) (width 0.05))
    (fp_line (start 7.6 -1.7) (end 7.6 5.5) (layer F.CrtYd) (width 0.05))
    (fp_line (start 7.6 -1.7) (end 8.6 -1.7) (layer F.CrtYd) (width 0.05))
    (fp_line (start -8.6 -4.5) (end -7.6 -4.5) (layer F.CrtYd) (width 0.05))
    (fp_line (start -7.6 -4.5) (end -7.6 -8.1) (layer F.CrtYd) (width 0.05))
    (fp_line (start 7.6 -8.1) (end 7.6 -4.4) (layer F.CrtYd) (width 0.05))
    (fp_line (start 7.6 -4.4) (end 8.6 -4.4) (layer F.CrtYd) (width 0.05))
    (fp_line (start -8.6 -1.8) (end -7.6 -1.8) (layer F.CrtYd) (width 0.05))
    (fp_line (start -7.6 -1.8) (end -7.6 5.5) (layer F.CrtYd) (width 0.05))
    (fp_line (start -7.9 8.1) (end 8.6 8.1) (layer F.CrtYd) (width 0.05))
    (fp_line (start 8.6 -4.4) (end 8.6 -1.7) (layer F.CrtYd) (width 0.05))
    (fp_line (start -7.6 -8.1) (end 7.6 -8.1) (layer F.CrtYd) (width 0.05))
    (fp_line (start -8.6 -4.5) (end -8.6 -1.8) (layer F.CrtYd) (width 0.05))
    (fp_line (start 7.35 -7.15) (end -2.35 -7.15) (layer F.SilkS) (width 0.25))
    (fp_line (start -2.35 -7.15) (end -3.05 -7.25) (layer F.SilkS) (width 0.25))
    (fp_line (start -3.05 -7.25) (end -3.65 -7.35) (layer F.SilkS) (width 0.25))
    (fp_line (start -3.65 -7.35) (end -4.05 -7.55) (layer F.SilkS) (width 0.25))
    (fp_line (start -4.05 -7.55) (end -4.35 -7.85) (layer F.SilkS) (width 0.25))
    (fp_line (start -4.35 -7.85) (end -7.35 -7.85) (layer F.SilkS) (width 0.25))
    (fp_line (start -7.35 -7.85) (end -7.35 6.65) (layer F.SilkS) (width 0.25))
    (fp_line (start 7.35 6.65) (end -7.35 6.65) (layer F.SilkS) (width 0.25))
    (fp_line (start 7.35 6.65) (end 7.35 -7.15) (layer F.SilkS) (width 0.25))
    (pad 8 smd rect (at 5.45 7.05 180) (size 0.7 1.6) (layers F.Cu F.Paste F.Mask)
      (net 11 /SD_DAT1))
    (pad 7 smd rect (at 4.35 7.05 180) (size 0.7 1.6) (layers F.Cu F.Paste F.Mask)
      (net 12 /SD_DAT0))
    (pad 6 smd rect (at 3.25 7.05 180) (size 0.7 1.6) (layers F.Cu F.Paste F.Mask)
      (net 1 GND))
    (pad 5 smd rect (at 2.15 7.05 180) (size 0.7 1.6) (layers F.Cu F.Paste F.Mask)
      (net 20 /SD_CLK_R))
    (pad 4 smd rect (at 1.05 7.05 180) (size 0.7 1.6) (layers F.Cu F.Paste F.Mask)
      (net 21 Vdrive))
    (pad 3 smd rect (at -0.05 7.05 180) (size 0.7 1.6) (layers F.Cu F.Paste F.Mask)
      (net 14 /SD_CMD))
    (pad 2 smd rect (at -1.15 7.05 180) (size 0.7 1.6) (layers F.Cu F.Paste F.Mask)
      (net 15 /SD_DAT3))
    (pad 1 smd rect (at -2.25 7.05 180) (size 0.7 1.6) (layers F.Cu F.Paste F.Mask)
      (net 16 /SD_DAT2))
    (pad 10 smd rect (at 7.75 6.45 180) (size 1.2 1.4) (layers F.Cu F.Paste F.Mask))
    (pad 11 smd rect (at -6.85 6.45 180) (size 1.6 1.4) (layers F.Cu F.Paste F.Mask)
      (net 1 GND))
    (pad 11 smd rect (at -7.75 -3.15) (size 1.2 2.2) (layers F.Cu F.Paste F.Mask)
      (net 1 GND))
    (pad 11 smd rect (at 7.75 -3.05) (size 1.2 2.2) (layers F.Cu F.Paste F.Mask)
      (net 1 GND))
    (pad 9 smd rect (at 6.55 7.05 180) (size 0.7 1.6) (layers F.Cu F.Paste F.Mask))
    (pad "" np_thru_hole circle (at 4.95 -3.45) (size 1 1) (drill 1) (layers *.Cu *.Mask F.SilkS))
    (pad "" np_thru_hole circle (at -3.05 -3.45) (size 1 1) (drill 1) (layers *.Cu *.Mask F.SilkS))
    (model zap.3dshapes/GCT-MEM2055-00-190-01-A.wrl
      (at (xyz 0 0 0))
      (scale (xyz 1 1 1))
      (rotate (xyz 0 0 0))
    )
    (model ${KIPRJMOD}/lib/GCT-MEM2055-00-190-01-A.wrl
      (offset (xyz 0 -8 0))
      (scale (xyz 1 1 1))
      (rotate (xyz 0 0 0))
    )
  )

  (module esp32-usb:ESP32-S2-WROVER (layer F.Cu) (tedit 61F7A632) (tstamp 61F82FC6)
    (at 122.71 109)
    (descr "ESP32-S2-WROVER(-I) 2.4 GHz Wi-Fi https://www.espressif.com/sites/default/files/documentation/esp32-s2-wroom_esp32-s2-wroom-i_datasheet_en.pdf")
    (tags "ESP32-S2  ESP32  WIFI")
    (path /61F5B8B4)
    (attr smd)
    (fp_text reference U3 (at 10.61244 5.47678 270) (layer F.SilkS)
      (effects (font (size 1 1) (thickness 0.15)))
    )
    (fp_text value ESP32-S2-WROVER (at 0.36 16.87 180) (layer F.Fab)
      (effects (font (size 1 1) (thickness 0.15)))
    )
    (fp_line (start 9 -9.593) (end -9 -9.593) (layer F.Fab) (width 0.1))
    (fp_line (start 9 -15.89) (end 9 15.11) (layer F.Fab) (width 0.1))
    (fp_line (start -9 -15.893) (end 9 -15.893) (layer F.Fab) (width 0.1))
    (fp_line (start -9 -15.89) (end -9 -9.59) (layer F.Fab) (width 0.1))
    (fp_line (start -9 15.11) (end 9 15.11) (layer F.Fab) (width 0.1))
    (fp_line (start -9.12 15.23) (end -7.46 15.23) (layer F.SilkS) (width 0.12))
    (fp_line (start -9.12 14.87) (end -9.12 15.23) (layer F.SilkS) (width 0.12))
    (fp_line (start 9.12 15.23) (end 7.46 15.23) (layer F.SilkS) (width 0.12))
    (fp_line (start 9.12 14.97) (end 9.12 15.23) (layer F.SilkS) (width 0.12))
    (fp_line (start -9.125 -16.02) (end 9.13 -16.02) (layer F.SilkS) (width 0.12))
    (fp_line (start -9.11 -8.94) (end -9.125 -16.02) (layer F.SilkS) (width 0.12))
    (fp_line (start 9.13 -9.6) (end 9.13 -16.02) (layer F.SilkS) (width 0.12))
    (fp_line (start -9.63 -9.34) (end -9.63 15.9) (layer F.CrtYd) (width 0.05))
    (fp_line (start 9.63 15.9) (end 9.63 -9.34) (layer F.CrtYd) (width 0.05))
    (fp_line (start -9.63 15.9) (end 9.63 15.9) (layer F.CrtYd) (width 0.05))
    (fp_line (start -9.11 -8.94) (end -9.5 -8.94) (layer F.SilkS) (width 0.12))
    (fp_line (start -24 -9.593) (end 24 -9.593) (layer Dwgs.User) (width 0.12))
    (fp_line (start -24 -30.893) (end 24 -30.893) (layer Dwgs.User) (width 0.12))
    (fp_line (start 24 -30.893) (end 24 -9.593) (layer Dwgs.User) (width 0.12))
    (fp_line (start -24 -30.893) (end -24 -9.593) (layer Dwgs.User) (width 0.12))
    (fp_line (start 24 -11.6) (end 22 -9.6) (layer Dwgs.User) (width 0.12))
    (fp_line (start 24 -16.61) (end 17 -9.6) (layer Dwgs.User) (width 0.12))
    (fp_line (start 24 -21.59) (end 12 -9.6) (layer Dwgs.User) (width 0.12))
    (fp_line (start 24 -26.61) (end 7.01 -9.6) (layer Dwgs.User) (width 0.12))
    (fp_line (start 23.28 -30.89) (end 2 -9.6) (layer Dwgs.User) (width 0.12))
    (fp_line (start 18.31 -30.89) (end -2.95 -9.6) (layer Dwgs.User) (width 0.12))
    (fp_line (start 13.28 -30.89) (end -7.99 -9.6) (layer Dwgs.User) (width 0.12))
    (fp_line (start 8.26 -30.89) (end -13.01 -9.59) (layer Dwgs.User) (width 0.12))
    (fp_line (start 3.27 -30.89) (end -18 -9.6) (layer Dwgs.User) (width 0.12))
    (fp_line (start -1.73 -30.89) (end -23 -9.6) (layer Dwgs.User) (width 0.12))
    (fp_line (start -6.7 -30.89) (end -24 -13.58) (layer Dwgs.User) (width 0.12))
    (fp_line (start -11.69 -30.89) (end -24 -18.58) (layer Dwgs.User) (width 0.12))
    (fp_line (start -16.69 -30.89) (end -24 -23.57) (layer Dwgs.User) (width 0.12))
    (fp_line (start -21.69 -30.89) (end -23.99 -28.59) (layer Dwgs.User) (width 0.12))
    (fp_line (start 9.63 -9.34) (end 24.25 -9.34) (layer F.CrtYd) (width 0.05))
    (fp_line (start 24.25 -9.34) (end 24.25 -31.14) (layer F.CrtYd) (width 0.05))
    (fp_line (start 24.25 -31.14) (end -24.25 -31.14) (layer F.CrtYd) (width 0.05))
    (fp_line (start -24.25 -31.14) (end -24.25 -9.34) (layer F.CrtYd) (width 0.05))
    (fp_line (start -24.25 -9.34) (end -9.63 -9.34) (layer F.CrtYd) (width 0.05))
    (fp_line (start -9 -8.59) (end -8.5 -9.09) (layer F.Fab) (width 0.1))
    (fp_line (start -8.5 -9.09) (end -9 -9.59) (layer F.Fab) (width 0.1))
    (fp_line (start -9 -8.59) (end -9 15.11) (layer F.Fab) (width 0.1))
    (fp_text user ANTENNA (at 0 -12.67) (layer Cmts.User)
      (effects (font (size 1.25 1.25) (thickness 0.15)))
    )
    (fp_text user "KEEP-OUT ZONE" (at 0 -23.61) (layer Cmts.User)
      (effects (font (size 2 2) (thickness 0.15)))
    )
    (fp_text user %R (at 0 3.48) (layer F.Fab)
      (effects (font (size 1 1) (thickness 0.15)))
    )
    (pad 1 smd rect (at -8.625 -8.345) (size 1.5 0.9) (layers F.Cu F.Paste F.Mask)
      (net 1 GND))
    (pad 15 smd rect (at -8.625 12.655 180) (size 1.5 0.9) (layers F.Cu F.Paste F.Mask))
    (pad 16 smd rect (at -8.625 14.155 180) (size 1.5 0.9) (layers F.Cu F.Paste F.Mask))
    (pad 17 smd rect (at -6.75 14.905) (size 0.9 1.5) (layers F.Cu F.Paste F.Mask))
    (pad 18 smd rect (at -5.25 14.905) (size 0.9 1.5) (layers F.Cu F.Paste F.Mask))
    (pad 19 smd rect (at -3.75 14.905) (size 0.9 1.5) (layers F.Cu F.Paste F.Mask))
    (pad 20 smd rect (at -2.25 14.905) (size 0.9 1.5) (layers F.Cu F.Paste F.Mask))
    (pad 21 smd rect (at -0.75 14.905) (size 0.9 1.5) (layers F.Cu F.Paste F.Mask)
      (net 19 /GPIO18))
    (pad 22 smd rect (at 0.75 14.905) (size 0.9 1.5) (layers F.Cu F.Paste F.Mask)
      (net 17 /USB_D-))
    (pad 23 smd rect (at 2.25 14.905) (size 0.9 1.5) (layers F.Cu F.Paste F.Mask)
      (net 18 /USB_D+))
    (pad 24 smd rect (at 3.75 14.905) (size 0.9 1.5) (layers F.Cu F.Paste F.Mask)
      (net 10 /USB_ID))
    (pad 2 smd rect (at -8.625 -6.845) (size 1.5 0.9) (layers F.Cu F.Paste F.Mask)
      (net 2 +3V3))
    (pad 3 smd rect (at -8.625 -5.345) (size 1.5 0.9) (layers F.Cu F.Paste F.Mask)
      (net 7 /BUT))
    (pad 4 smd rect (at -8.625 -3.845) (size 1.5 0.9) (layers F.Cu F.Paste F.Mask))
    (pad 5 smd rect (at -8.625 -2.345) (size 1.5 0.9) (layers F.Cu F.Paste F.Mask))
    (pad 6 smd rect (at -8.625 -0.845) (size 1.5 0.9) (layers F.Cu F.Paste F.Mask))
    (pad 7 smd rect (at -8.625 0.655) (size 1.5 0.9) (layers F.Cu F.Paste F.Mask))
    (pad 8 smd rect (at -8.625 2.155) (size 1.5 0.9) (layers F.Cu F.Paste F.Mask))
    (pad 9 smd rect (at -8.625 3.655) (size 1.5 0.9) (layers F.Cu F.Paste F.Mask))
    (pad 10 smd rect (at -8.625 5.155) (size 1.5 0.9) (layers F.Cu F.Paste F.Mask))
    (pad 11 smd rect (at -8.625 6.655) (size 1.5 0.9) (layers F.Cu F.Paste F.Mask))
    (pad 12 smd rect (at -8.625 8.155) (size 1.5 0.9) (layers F.Cu F.Paste F.Mask))
    (pad 13 smd rect (at -8.625 9.655) (size 1.5 0.9) (layers F.Cu F.Paste F.Mask))
    (pad 14 smd rect (at -8.625 11.155) (size 1.5 0.9) (layers F.Cu F.Paste F.Mask))
    (pad 38 smd rect (at 8.625 -2.245) (size 1.5 0.9) (layers F.Cu F.Paste F.Mask)
      (net 5 /RXD))
    (pad 37 smd rect (at 8.625 -0.745) (size 1.5 0.9) (layers F.Cu F.Paste F.Mask)
      (net 4 /TXD))
    (pad 36 smd rect (at 8.625 0.755) (size 1.5 0.9) (layers F.Cu F.Paste F.Mask))
    (pad 35 smd rect (at 8.625 2.255) (size 1.5 0.9) (layers F.Cu F.Paste F.Mask))
    (pad 34 smd rect (at 8.625 3.755) (size 1.5 0.9) (layers F.Cu F.Paste F.Mask))
    (pad 33 smd rect (at 8.625 5.255) (size 1.5 0.9) (layers F.Cu F.Paste F.Mask))
    (pad 32 smd rect (at 8.625 6.755) (size 1.5 0.9) (layers F.Cu F.Paste F.Mask)
      (net 12 /SD_DAT0))
    (pad 31 smd rect (at 8.625 8.255) (size 1.5 0.9) (layers F.Cu F.Paste F.Mask)
      (net 16 /SD_DAT2))
    (pad 30 smd rect (at 8.625 9.755) (size 1.5 0.9) (layers F.Cu F.Paste F.Mask)
      (net 13 /SD_CLK))
    (pad 29 smd rect (at 8.625 11.255) (size 1.5 0.9) (layers F.Cu F.Paste F.Mask)
      (net 15 /SD_DAT3))
    (pad 28 smd rect (at 8.625 12.755) (size 1.5 0.9) (layers F.Cu F.Paste F.Mask)
      (net 14 /SD_CMD))
    (pad 27 smd rect (at 8.625 14.255) (size 1.5 0.9) (layers F.Cu F.Paste F.Mask)
      (net 11 /SD_DAT1))
    (pad 26 smd rect (at 6.75 14.905) (size 0.9 1.5) (layers F.Cu F.Paste F.Mask)
      (net 1 GND))
    (pad 25 smd rect (at 5.25 14.905) (size 0.9 1.5) (layers F.Cu F.Paste F.Mask))
    (pad 39 smd rect (at 8.625 -3.745) (size 1.5 0.9) (layers F.Cu F.Paste F.Mask))
    (pad 40 smd rect (at 8.625 -5.345) (size 1.5 0.9) (layers F.Cu F.Paste F.Mask))
    (pad 41 smd rect (at 8.625 -6.845) (size 1.5 0.9) (layers F.Cu F.Paste F.Mask)
      (net 6 /ESP_EN))
    (pad 42 smd rect (at 8.625 -8.245) (size 1.5 0.9) (layers F.Cu F.Paste F.Mask)
      (net 1 GND))
    (pad 43 smd rect (at -1.19 -0.305) (size 4.1 4.1) (layers F.Cu F.Paste F.Mask)
      (net 1 GND))
    (model ${KISYS3DMOD}/RF_Module.3dshapes/ESP32-S2-WROVER.wrl
      (at (xyz 0 0 0))
      (scale (xyz 1 1 1))
      (rotate (xyz 0 0 0))
    )
    (model ${KIPRJMOD}/lib/ESP32-S2-WROOM.STEP
      (offset (xyz -9 15.75 0))
      (scale (xyz 1 1 1))
      (rotate (xyz 0 0 0))
    )
  )

  (module esp32-usb:mouse-bite-2mm-slot (layer F.Cu) (tedit 551DB891) (tstamp 61F81B25)
    (at 148 98)
    (fp_text reference mouse-bite-2mm-slot (at 0 -2) (layer F.SilkS) hide
      (effects (font (size 1 1) (thickness 0.2)))
    )
    (fp_text value VAL** (at 0 2.1) (layer F.SilkS) hide
      (effects (font (size 1 1) (thickness 0.2)))
    )
    (fp_line (start 2 0) (end 2 0) (layer Eco1.User) (width 2))
    (fp_line (start -2 0) (end -2 0) (layer Eco1.User) (width 2))
    (fp_circle (center -2 0) (end -2 -0.06) (layer Dwgs.User) (width 0.05))
    (fp_circle (center 2 0) (end 2.06 0) (layer Dwgs.User) (width 0.05))
    (fp_arc (start 2 0) (end 2 1) (angle 180) (layer F.SilkS) (width 0.1))
    (fp_arc (start -2 0) (end -2 -1) (angle 180) (layer F.SilkS) (width 0.1))
    (pad "" np_thru_hole circle (at 0.75 0.75) (size 0.5 0.5) (drill 0.5) (layers *.Cu *.Mask))
    (pad "" np_thru_hole circle (at -0.75 0.75) (size 0.5 0.5) (drill 0.5) (layers *.Cu *.Mask))
    (pad "" np_thru_hole circle (at -0.75 -0.75) (size 0.5 0.5) (drill 0.5) (layers *.Cu *.Mask))
    (pad "" np_thru_hole circle (at 0.75 -0.75) (size 0.5 0.5) (drill 0.5) (layers *.Cu *.Mask))
    (pad "" np_thru_hole circle (at 0 0.75) (size 0.5 0.5) (drill 0.5) (layers *.Cu *.Mask))
    (pad "" np_thru_hole circle (at 0 -0.75) (size 0.5 0.5) (drill 0.5) (layers *.Cu *.Mask))
  )

  (module esp32-usb:mouse-bite-2mm-slot (layer F.Cu) (tedit 551DB891) (tstamp 61F81ACA)
    (at 136 98)
    (fp_text reference mouse-bite-2mm-slot (at 0 -2) (layer F.SilkS) hide
      (effects (font (size 1 1) (thickness 0.2)))
    )
    (fp_text value VAL** (at 0 2.1) (layer F.SilkS) hide
      (effects (font (size 1 1) (thickness 0.2)))
    )
    (fp_line (start 2 0) (end 2 0) (layer Eco1.User) (width 2))
    (fp_line (start -2 0) (end -2 0) (layer Eco1.User) (width 2))
    (fp_circle (center -2 0) (end -2 -0.06) (layer Dwgs.User) (width 0.05))
    (fp_circle (center 2 0) (end 2.06 0) (layer Dwgs.User) (width 0.05))
    (fp_arc (start 2 0) (end 2 1) (angle 180) (layer F.SilkS) (width 0.1))
    (fp_arc (start -2 0) (end -2 -1) (angle 180) (layer F.SilkS) (width 0.1))
    (pad "" np_thru_hole circle (at 0.75 0.75) (size 0.5 0.5) (drill 0.5) (layers *.Cu *.Mask))
    (pad "" np_thru_hole circle (at -0.75 0.75) (size 0.5 0.5) (drill 0.5) (layers *.Cu *.Mask))
    (pad "" np_thru_hole circle (at -0.75 -0.75) (size 0.5 0.5) (drill 0.5) (layers *.Cu *.Mask))
    (pad "" np_thru_hole circle (at 0.75 -0.75) (size 0.5 0.5) (drill 0.5) (layers *.Cu *.Mask))
    (pad "" np_thru_hole circle (at 0 0.75) (size 0.5 0.5) (drill 0.5) (layers *.Cu *.Mask))
    (pad "" np_thru_hole circle (at 0 -0.75) (size 0.5 0.5) (drill 0.5) (layers *.Cu *.Mask))
  )

  (module esp32-usb:mouse-bite-2mm-slot (layer F.Cu) (tedit 551DB891) (tstamp 61F81A6F)
    (at 110 98)
    (fp_text reference mouse-bite-2mm-slot (at 0 -2) (layer F.SilkS) hide
      (effects (font (size 1 1) (thickness 0.2)))
    )
    (fp_text value VAL** (at 0 2.1) (layer F.SilkS) hide
      (effects (font (size 1 1) (thickness 0.2)))
    )
    (fp_line (start 2 0) (end 2 0) (layer Eco1.User) (width 2))
    (fp_line (start -2 0) (end -2 0) (layer Eco1.User) (width 2))
    (fp_circle (center -2 0) (end -2 -0.06) (layer Dwgs.User) (width 0.05))
    (fp_circle (center 2 0) (end 2.06 0) (layer Dwgs.User) (width 0.05))
    (fp_arc (start 2 0) (end 2 1) (angle 180) (layer F.SilkS) (width 0.1))
    (fp_arc (start -2 0) (end -2 -1) (angle 180) (layer F.SilkS) (width 0.1))
    (pad "" np_thru_hole circle (at 0.75 0.75) (size 0.5 0.5) (drill 0.5) (layers *.Cu *.Mask))
    (pad "" np_thru_hole circle (at -0.75 0.75) (size 0.5 0.5) (drill 0.5) (layers *.Cu *.Mask))
    (pad "" np_thru_hole circle (at -0.75 -0.75) (size 0.5 0.5) (drill 0.5) (layers *.Cu *.Mask))
    (pad "" np_thru_hole circle (at 0.75 -0.75) (size 0.5 0.5) (drill 0.5) (layers *.Cu *.Mask))
    (pad "" np_thru_hole circle (at 0 0.75) (size 0.5 0.5) (drill 0.5) (layers *.Cu *.Mask))
    (pad "" np_thru_hole circle (at 0 -0.75) (size 0.5 0.5) (drill 0.5) (layers *.Cu *.Mask))
  )

  (module Package_TO_SOT_SMD:SOT-223-3_TabPin2 (layer F.Cu) (tedit 5A02FF57) (tstamp 61F759EA)
    (at 111.9737 135.77396 180)
    (descr "module CMS SOT223 4 pins")
    (tags "CMS SOT")
    (path /61F8CF5F)
    (attr smd)
    (fp_text reference U1 (at 5.0165 -2.8194 90) (layer F.SilkS)
      (effects (font (size 1 1) (thickness 0.15)))
    )
    (fp_text value AMS1117-3.3 (at 0 4.5) (layer F.Fab)
      (effects (font (size 1 1) (thickness 0.15)))
    )
    (fp_line (start 1.91 3.41) (end 1.91 2.15) (layer F.SilkS) (width 0.12))
    (fp_line (start 1.91 -3.41) (end 1.91 -2.15) (layer F.SilkS) (width 0.12))
    (fp_line (start 4.4 -3.6) (end -4.4 -3.6) (layer F.CrtYd) (width 0.05))
    (fp_line (start 4.4 3.6) (end 4.4 -3.6) (layer F.CrtYd) (width 0.05))
    (fp_line (start -4.4 3.6) (end 4.4 3.6) (layer F.CrtYd) (width 0.05))
    (fp_line (start -4.4 -3.6) (end -4.4 3.6) (layer F.CrtYd) (width 0.05))
    (fp_line (start -1.85 -2.35) (end -0.85 -3.35) (layer F.Fab) (width 0.1))
    (fp_line (start -1.85 -2.35) (end -1.85 3.35) (layer F.Fab) (width 0.1))
    (fp_line (start -1.85 3.41) (end 1.91 3.41) (layer F.SilkS) (width 0.12))
    (fp_line (start -0.85 -3.35) (end 1.85 -3.35) (layer F.Fab) (width 0.1))
    (fp_line (start -4.1 -3.41) (end 1.91 -3.41) (layer F.SilkS) (width 0.12))
    (fp_line (start -1.85 3.35) (end 1.85 3.35) (layer F.Fab) (width 0.1))
    (fp_line (start 1.85 -3.35) (end 1.85 3.35) (layer F.Fab) (width 0.1))
    (fp_text user %R (at 0 0 90) (layer F.Fab)
      (effects (font (size 0.8 0.8) (thickness 0.12)))
    )
    (pad 2 smd rect (at 3.15 0 180) (size 2 3.8) (layers F.Cu F.Paste F.Mask)
      (net 2 +3V3))
    (pad 2 smd rect (at -3.15 0 180) (size 2 1.5) (layers F.Cu F.Paste F.Mask)
      (net 2 +3V3))
    (pad 3 smd rect (at -3.15 2.3 180) (size 2 1.5) (layers F.Cu F.Paste F.Mask)
      (net 3 +5V))
    (pad 1 smd rect (at -3.15 -2.3 180) (size 2 1.5) (layers F.Cu F.Paste F.Mask)
      (net 1 GND))
    (model ${KISYS3DMOD}/Package_TO_SOT_SMD.3dshapes/SOT-223.wrl
      (at (xyz 0 0 0))
      (scale (xyz 1 1 1))
      (rotate (xyz 0 0 0))
    )
  )

  (module Diode_SMD:D_MiniMELF (layer F.Cu) (tedit 5905D8F5) (tstamp 61F75774)
    (at 128.57768 129.23092 90)
    (descr "Diode Mini-MELF (SOD-80)")
    (tags "Diode Mini-MELF (SOD-80)")
    (path /61FF236E)
    (attr smd)
    (fp_text reference D3 (at -0.61976 1.88722 90) (layer F.SilkS)
      (effects (font (size 1 1) (thickness 0.15)))
    )
    (fp_text value LL4148 (at 0 1.75 90) (layer F.Fab)
      (effects (font (size 1 1) (thickness 0.15)))
    )
    (fp_line (start -2.65 1.1) (end -2.65 -1.1) (layer F.CrtYd) (width 0.05))
    (fp_line (start 2.65 1.1) (end -2.65 1.1) (layer F.CrtYd) (width 0.05))
    (fp_line (start 2.65 -1.1) (end 2.65 1.1) (layer F.CrtYd) (width 0.05))
    (fp_line (start -2.65 -1.1) (end 2.65 -1.1) (layer F.CrtYd) (width 0.05))
    (fp_line (start -0.75 0) (end -0.35 0) (layer F.Fab) (width 0.1))
    (fp_line (start -0.35 0) (end -0.35 -0.55) (layer F.Fab) (width 0.1))
    (fp_line (start -0.35 0) (end -0.35 0.55) (layer F.Fab) (width 0.1))
    (fp_line (start -0.35 0) (end 0.25 -0.4) (layer F.Fab) (width 0.1))
    (fp_line (start 0.25 -0.4) (end 0.25 0.4) (layer F.Fab) (width 0.1))
    (fp_line (start 0.25 0.4) (end -0.35 0) (layer F.Fab) (width 0.1))
    (fp_line (start 0.25 0) (end 0.75 0) (layer F.Fab) (width 0.1))
    (fp_line (start -1.65 -0.8) (end 1.65 -0.8) (layer F.Fab) (width 0.1))
    (fp_line (start -1.65 0.8) (end -1.65 -0.8) (layer F.Fab) (width 0.1))
    (fp_line (start 1.65 0.8) (end -1.65 0.8) (layer F.Fab) (width 0.1))
    (fp_line (start 1.65 -0.8) (end 1.65 0.8) (layer F.Fab) (width 0.1))
    (fp_line (start -2.55 1) (end 1.75 1) (layer F.SilkS) (width 0.12))
    (fp_line (start -2.55 -1) (end -2.55 1) (layer F.SilkS) (width 0.12))
    (fp_line (start 1.75 -1) (end -2.55 -1) (layer F.SilkS) (width 0.12))
    (fp_text user %R (at 0 -2 90) (layer F.Fab)
      (effects (font (size 1 1) (thickness 0.15)))
    )
    (pad 1 smd rect (at -1.75 0 90) (size 1.3 1.7) (layers F.Cu F.Paste F.Mask)
      (net 9 /USB_ID_C))
    (pad 2 smd rect (at 1.75 0 90) (size 1.3 1.7) (layers F.Cu F.Paste F.Mask)
      (net 10 /USB_ID))
    (model ${KISYS3DMOD}/Diode_SMD.3dshapes/D_MiniMELF.wrl
      (at (xyz 0 0 0))
      (scale (xyz 1 1 1))
      (rotate (xyz 0 0 0))
    )
  )

  (module R_0603_1608Metric (layer F.Cu) (tedit 5F68FEEE) (tstamp 61F757B4)
    (at 137.72422 112.81998)
    (descr "Resistor SMD 0603 (1608 Metric), square (rectangular) end terminal, IPC_7351 nominal, (Body size source: IPC-SM-782 page 72, https://www.pcb-3d.com/wordpress/wp-content/uploads/ipc-sm-782a_amendment_1_and_2.pdf), generated with kicad-footprint-generator")
    (tags resistor)
    (path /61F750FF)
    (attr smd)
    (fp_text reference R1 (at 2.48158 -0.00254) (layer F.SilkS)
      (effects (font (size 1 1) (thickness 0.15)))
    )
    (fp_text value 10k (at 0 1.43) (layer F.Fab)
      (effects (font (size 1 1) (thickness 0.15)))
    )
    (fp_line (start 1.48 0.73) (end -1.48 0.73) (layer F.CrtYd) (width 0.05))
    (fp_line (start 1.48 -0.73) (end 1.48 0.73) (layer F.CrtYd) (width 0.05))
    (fp_line (start -1.48 -0.73) (end 1.48 -0.73) (layer F.CrtYd) (width 0.05))
    (fp_line (start -1.48 0.73) (end -1.48 -0.73) (layer F.CrtYd) (width 0.05))
    (fp_line (start -0.237258 0.5225) (end 0.237258 0.5225) (layer F.SilkS) (width 0.12))
    (fp_line (start -0.237258 -0.5225) (end 0.237258 -0.5225) (layer F.SilkS) (width 0.12))
    (fp_line (start 0.8 0.4125) (end -0.8 0.4125) (layer F.Fab) (width 0.1))
    (fp_line (start 0.8 -0.4125) (end 0.8 0.4125) (layer F.Fab) (width 0.1))
    (fp_line (start -0.8 -0.4125) (end 0.8 -0.4125) (layer F.Fab) (width 0.1))
    (fp_line (start -0.8 0.4125) (end -0.8 -0.4125) (layer F.Fab) (width 0.1))
    (fp_text user %R (at 0 0) (layer F.Fab)
      (effects (font (size 0.4 0.4) (thickness 0.06)))
    )
    (pad 1 smd roundrect (at -0.825 0) (size 0.8 0.95) (layers F.Cu F.Paste F.Mask) (roundrect_rratio 0.25)
      (net 2 +3V3))
    (pad 2 smd roundrect (at 0.825 0) (size 0.8 0.95) (layers F.Cu F.Paste F.Mask) (roundrect_rratio 0.25)
      (net 6 /ESP_EN))
    (model ${KISYS3DMOD}/Resistor_SMD.3dshapes/R_0603_1608Metric.wrl
      (at (xyz 0 0 0))
      (scale (xyz 1 1 1))
      (rotate (xyz 0 0 0))
    )
  )

  (module R_0603_1608Metric (layer F.Cu) (tedit 5F68FEEE) (tstamp 61F759B5)
    (at 109.1797 106.65032)
    (descr "Resistor SMD 0603 (1608 Metric), square (rectangular) end terminal, IPC_7351 nominal, (Body size source: IPC-SM-782 page 72, https://www.pcb-3d.com/wordpress/wp-content/uploads/ipc-sm-782a_amendment_1_and_2.pdf), generated with kicad-footprint-generator")
    (tags resistor)
    (path /61FA1D55)
    (attr smd)
    (fp_text reference R2 (at 0.26416 -1.397 180) (layer F.SilkS)
      (effects (font (size 1 1) (thickness 0.15)))
    )
    (fp_text value 10k (at 0 1.43) (layer F.Fab)
      (effects (font (size 1 1) (thickness 0.15)))
    )
    (fp_line (start -0.8 0.4125) (end -0.8 -0.4125) (layer F.Fab) (width 0.1))
    (fp_line (start -0.8 -0.4125) (end 0.8 -0.4125) (layer F.Fab) (width 0.1))
    (fp_line (start 0.8 -0.4125) (end 0.8 0.4125) (layer F.Fab) (width 0.1))
    (fp_line (start 0.8 0.4125) (end -0.8 0.4125) (layer F.Fab) (width 0.1))
    (fp_line (start -0.237258 -0.5225) (end 0.237258 -0.5225) (layer F.SilkS) (width 0.12))
    (fp_line (start -0.237258 0.5225) (end 0.237258 0.5225) (layer F.SilkS) (width 0.12))
    (fp_line (start -1.48 0.73) (end -1.48 -0.73) (layer F.CrtYd) (width 0.05))
    (fp_line (start -1.48 -0.73) (end 1.48 -0.73) (layer F.CrtYd) (width 0.05))
    (fp_line (start 1.48 -0.73) (end 1.48 0.73) (layer F.CrtYd) (width 0.05))
    (fp_line (start 1.48 0.73) (end -1.48 0.73) (layer F.CrtYd) (width 0.05))
    (fp_text user %R (at 0.40894 1.65354) (layer F.Fab)
      (effects (font (size 0.4 0.4) (thickness 0.06)))
    )
    (pad 2 smd roundrect (at 0.825 0) (size 0.8 0.95) (layers F.Cu F.Paste F.Mask) (roundrect_rratio 0.25)
      (net 7 /BUT))
    (pad 1 smd roundrect (at -0.825 0) (size 0.8 0.95) (layers F.Cu F.Paste F.Mask) (roundrect_rratio 0.25)
      (net 2 +3V3))
    (model ${KISYS3DMOD}/Resistor_SMD.3dshapes/R_0603_1608Metric.wrl
      (at (xyz 0 0 0))
      (scale (xyz 1 1 1))
      (rotate (xyz 0 0 0))
    )
  )

  (module R_0603_1608Metric (layer F.Cu) (tedit 5F68FEEE) (tstamp 61F75985)
    (at 103.9214 126.55122 180)
    (descr "Resistor SMD 0603 (1608 Metric), square (rectangular) end terminal, IPC_7351 nominal, (Body size source: IPC-SM-782 page 72, https://www.pcb-3d.com/wordpress/wp-content/uploads/ipc-sm-782a_amendment_1_and_2.pdf), generated with kicad-footprint-generator")
    (tags resistor)
    (path /61FD5FD0)
    (attr smd)
    (fp_text reference R4 (at 2.44298 -0.0381) (layer F.SilkS)
      (effects (font (size 1 1) (thickness 0.15)))
    )
    (fp_text value 330R (at 0 1.43) (layer F.Fab)
      (effects (font (size 1 1) (thickness 0.15)))
    )
    (fp_line (start -0.8 0.4125) (end -0.8 -0.4125) (layer F.Fab) (width 0.1))
    (fp_line (start -0.8 -0.4125) (end 0.8 -0.4125) (layer F.Fab) (width 0.1))
    (fp_line (start 0.8 -0.4125) (end 0.8 0.4125) (layer F.Fab) (width 0.1))
    (fp_line (start 0.8 0.4125) (end -0.8 0.4125) (layer F.Fab) (width 0.1))
    (fp_line (start -0.237258 -0.5225) (end 0.237258 -0.5225) (layer F.SilkS) (width 0.12))
    (fp_line (start -0.237258 0.5225) (end 0.237258 0.5225) (layer F.SilkS) (width 0.12))
    (fp_line (start -1.48 0.73) (end -1.48 -0.73) (layer F.CrtYd) (width 0.05))
    (fp_line (start -1.48 -0.73) (end 1.48 -0.73) (layer F.CrtYd) (width 0.05))
    (fp_line (start 1.48 -0.73) (end 1.48 0.73) (layer F.CrtYd) (width 0.05))
    (fp_line (start 1.48 0.73) (end -1.48 0.73) (layer F.CrtYd) (width 0.05))
    (fp_text user %R (at 0 0) (layer F.Fab)
      (effects (font (size 0.4 0.4) (thickness 0.06)))
    )
    (pad 2 smd roundrect (at 0.825 0 180) (size 0.8 0.95) (layers F.Cu F.Paste F.Mask) (roundrect_rratio 0.25)
      (net 8 "Net-(D2-Pad1)"))
    (pad 1 smd roundrect (at -0.825 0 180) (size 0.8 0.95) (layers F.Cu F.Paste F.Mask) (roundrect_rratio 0.25)
      (net 1 GND))
    (model ${KISYS3DMOD}/Resistor_SMD.3dshapes/R_0603_1608Metric.wrl
      (at (xyz 0 0 0))
      (scale (xyz 1 1 1))
      (rotate (xyz 0 0 0))
    )
  )

  (module R_0603_1608Metric (layer F.Cu) (tedit 5F68FEEE) (tstamp 61F75955)
    (at 120.61732 127.839 90)
    (descr "Resistor SMD 0603 (1608 Metric), square (rectangular) end terminal, IPC_7351 nominal, (Body size source: IPC-SM-782 page 72, https://www.pcb-3d.com/wordpress/wp-content/uploads/ipc-sm-782a_amendment_1_and_2.pdf), generated with kicad-footprint-generator")
    (tags resistor)
    (path /620146B4)
    (attr smd)
    (fp_text reference R5 (at 0.8509 1.51638 90) (layer F.SilkS)
      (effects (font (size 1 1) (thickness 0.15)))
    )
    (fp_text value 10k (at 0 1.43 90) (layer F.Fab)
      (effects (font (size 1 1) (thickness 0.15)))
    )
    (fp_line (start -0.8 0.4125) (end -0.8 -0.4125) (layer F.Fab) (width 0.1))
    (fp_line (start -0.8 -0.4125) (end 0.8 -0.4125) (layer F.Fab) (width 0.1))
    (fp_line (start 0.8 -0.4125) (end 0.8 0.4125) (layer F.Fab) (width 0.1))
    (fp_line (start 0.8 0.4125) (end -0.8 0.4125) (layer F.Fab) (width 0.1))
    (fp_line (start -0.237258 -0.5225) (end 0.237258 -0.5225) (layer F.SilkS) (width 0.12))
    (fp_line (start -0.237258 0.5225) (end 0.237258 0.5225) (layer F.SilkS) (width 0.12))
    (fp_line (start -1.48 0.73) (end -1.48 -0.73) (layer F.CrtYd) (width 0.05))
    (fp_line (start -1.48 -0.73) (end 1.48 -0.73) (layer F.CrtYd) (width 0.05))
    (fp_line (start 1.48 -0.73) (end 1.48 0.73) (layer F.CrtYd) (width 0.05))
    (fp_line (start 1.48 0.73) (end -1.48 0.73) (layer F.CrtYd) (width 0.05))
    (fp_text user %R (at 0 0 90) (layer F.Fab)
      (effects (font (size 0.4 0.4) (thickness 0.06)))
    )
    (pad 2 smd roundrect (at 0.825 0 90) (size 0.8 0.95) (layers F.Cu F.Paste F.Mask) (roundrect_rratio 0.25)
      (net 19 /GPIO18))
    (pad 1 smd roundrect (at -0.825 0 90) (size 0.8 0.95) (layers F.Cu F.Paste F.Mask) (roundrect_rratio 0.25)
      (net 2 +3V3))
    (model ${KISYS3DMOD}/Resistor_SMD.3dshapes/R_0603_1608Metric.wrl
      (at (xyz 0 0 0))
      (scale (xyz 1 1 1))
      (rotate (xyz 0 0 0))
    )
  )

  (module R_0603_1608Metric (layer F.Cu) (tedit 5F68FEEE) (tstamp 61F758A4)
    (at 138.55734 116.24898 90)
    (descr "Resistor SMD 0603 (1608 Metric), square (rectangular) end terminal, IPC_7351 nominal, (Body size source: IPC-SM-782 page 72, https://www.pcb-3d.com/wordpress/wp-content/uploads/ipc-sm-782a_amendment_1_and_2.pdf), generated with kicad-footprint-generator")
    (tags resistor)
    (path /62053332)
    (attr smd)
    (fp_text reference R6 (at -1.3716 -1.94056 180) (layer F.SilkS)
      (effects (font (size 1 1) (thickness 0.15)))
    )
    (fp_text value 10k (at 0 1.43 90) (layer F.Fab)
      (effects (font (size 1 1) (thickness 0.15)))
    )
    (fp_line (start -0.8 0.4125) (end -0.8 -0.4125) (layer F.Fab) (width 0.1))
    (fp_line (start -0.8 -0.4125) (end 0.8 -0.4125) (layer F.Fab) (width 0.1))
    (fp_line (start 0.8 -0.4125) (end 0.8 0.4125) (layer F.Fab) (width 0.1))
    (fp_line (start 0.8 0.4125) (end -0.8 0.4125) (layer F.Fab) (width 0.1))
    (fp_line (start -0.237258 -0.5225) (end 0.237258 -0.5225) (layer F.SilkS) (width 0.12))
    (fp_line (start -0.237258 0.5225) (end 0.237258 0.5225) (layer F.SilkS) (width 0.12))
    (fp_line (start -1.48 0.73) (end -1.48 -0.73) (layer F.CrtYd) (width 0.05))
    (fp_line (start -1.48 -0.73) (end 1.48 -0.73) (layer F.CrtYd) (width 0.05))
    (fp_line (start 1.48 -0.73) (end 1.48 0.73) (layer F.CrtYd) (width 0.05))
    (fp_line (start 1.48 0.73) (end -1.48 0.73) (layer F.CrtYd) (width 0.05))
    (fp_text user %R (at 0 0 90) (layer F.Fab)
      (effects (font (size 0.4 0.4) (thickness 0.06)))
    )
    (pad 2 smd roundrect (at 0.825 0 90) (size 0.8 0.95) (layers F.Cu F.Paste F.Mask) (roundrect_rratio 0.25)
      (net 2 +3V3))
    (pad 1 smd roundrect (at -0.825 0 90) (size 0.8 0.95) (layers F.Cu F.Paste F.Mask) (roundrect_rratio 0.25)
      (net 16 /SD_DAT2))
    (model ${KISYS3DMOD}/Resistor_SMD.3dshapes/R_0603_1608Metric.wrl
      (at (xyz 0 0 0))
      (scale (xyz 1 1 1))
      (rotate (xyz 0 0 0))
    )
  )

  (module R_0603_1608Metric (layer F.Cu) (tedit 5F68FEEE) (tstamp 61F75874)
    (at 140.09658 117.34626 90)
    (descr "Resistor SMD 0603 (1608 Metric), square (rectangular) end terminal, IPC_7351 nominal, (Body size source: IPC-SM-782 page 72, https://www.pcb-3d.com/wordpress/wp-content/uploads/ipc-sm-782a_amendment_1_and_2.pdf), generated with kicad-footprint-generator")
    (tags resistor)
    (path /6203287A)
    (attr smd)
    (fp_text reference R7 (at -1.74244 1.7018 180) (layer F.SilkS)
      (effects (font (size 1 1) (thickness 0.15)))
    )
    (fp_text value 10k (at 0 1.43 90) (layer F.Fab)
      (effects (font (size 1 1) (thickness 0.15)))
    )
    (fp_line (start 1.48 0.73) (end -1.48 0.73) (layer F.CrtYd) (width 0.05))
    (fp_line (start 1.48 -0.73) (end 1.48 0.73) (layer F.CrtYd) (width 0.05))
    (fp_line (start -1.48 -0.73) (end 1.48 -0.73) (layer F.CrtYd) (width 0.05))
    (fp_line (start -1.48 0.73) (end -1.48 -0.73) (layer F.CrtYd) (width 0.05))
    (fp_line (start -0.237258 0.5225) (end 0.237258 0.5225) (layer F.SilkS) (width 0.12))
    (fp_line (start -0.237258 -0.5225) (end 0.237258 -0.5225) (layer F.SilkS) (width 0.12))
    (fp_line (start 0.8 0.4125) (end -0.8 0.4125) (layer F.Fab) (width 0.1))
    (fp_line (start 0.8 -0.4125) (end 0.8 0.4125) (layer F.Fab) (width 0.1))
    (fp_line (start -0.8 -0.4125) (end 0.8 -0.4125) (layer F.Fab) (width 0.1))
    (fp_line (start -0.8 0.4125) (end -0.8 -0.4125) (layer F.Fab) (width 0.1))
    (fp_text user %R (at 0 0 90) (layer F.Fab)
      (effects (font (size 0.4 0.4) (thickness 0.06)))
    )
    (pad 1 smd roundrect (at -0.825 0 90) (size 0.8 0.95) (layers F.Cu F.Paste F.Mask) (roundrect_rratio 0.25)
      (net 15 /SD_DAT3))
    (pad 2 smd roundrect (at 0.825 0 90) (size 0.8 0.95) (layers F.Cu F.Paste F.Mask) (roundrect_rratio 0.25)
      (net 2 +3V3))
    (model ${KISYS3DMOD}/Resistor_SMD.3dshapes/R_0603_1608Metric.wrl
      (at (xyz 0 0 0))
      (scale (xyz 1 1 1))
      (rotate (xyz 0 0 0))
    )
  )

  (module R_0603_1608Metric (layer F.Cu) (tedit 5F68FEEE) (tstamp 61F75844)
    (at 133.30208 123.37114 270)
    (descr "Resistor SMD 0603 (1608 Metric), square (rectangular) end terminal, IPC_7351 nominal, (Body size source: IPC-SM-782 page 72, https://www.pcb-3d.com/wordpress/wp-content/uploads/ipc-sm-782a_amendment_1_and_2.pdf), generated with kicad-footprint-generator")
    (tags resistor)
    (path /62041F66)
    (attr smd)
    (fp_text reference R8 (at -2.40792 -0.10668 90) (layer F.SilkS)
      (effects (font (size 1 1) (thickness 0.15)))
    )
    (fp_text value 10k (at 0 1.43 90) (layer F.Fab)
      (effects (font (size 1 1) (thickness 0.15)))
    )
    (fp_line (start -0.8 0.4125) (end -0.8 -0.4125) (layer F.Fab) (width 0.1))
    (fp_line (start -0.8 -0.4125) (end 0.8 -0.4125) (layer F.Fab) (width 0.1))
    (fp_line (start 0.8 -0.4125) (end 0.8 0.4125) (layer F.Fab) (width 0.1))
    (fp_line (start 0.8 0.4125) (end -0.8 0.4125) (layer F.Fab) (width 0.1))
    (fp_line (start -0.237258 -0.5225) (end 0.237258 -0.5225) (layer F.SilkS) (width 0.12))
    (fp_line (start -0.237258 0.5225) (end 0.237258 0.5225) (layer F.SilkS) (width 0.12))
    (fp_line (start -1.48 0.73) (end -1.48 -0.73) (layer F.CrtYd) (width 0.05))
    (fp_line (start -1.48 -0.73) (end 1.48 -0.73) (layer F.CrtYd) (width 0.05))
    (fp_line (start 1.48 -0.73) (end 1.48 0.73) (layer F.CrtYd) (width 0.05))
    (fp_line (start 1.48 0.73) (end -1.48 0.73) (layer F.CrtYd) (width 0.05))
    (fp_text user %R (at 0 0 90) (layer F.Fab)
      (effects (font (size 0.4 0.4) (thickness 0.06)))
    )
    (pad 2 smd roundrect (at 0.825 0 270) (size 0.8 0.95) (layers F.Cu F.Paste F.Mask) (roundrect_rratio 0.25)
      (net 2 +3V3))
    (pad 1 smd roundrect (at -0.825 0 270) (size 0.8 0.95) (layers F.Cu F.Paste F.Mask) (roundrect_rratio 0.25)
      (net 14 /SD_CMD))
    (model ${KISYS3DMOD}/Resistor_SMD.3dshapes/R_0603_1608Metric.wrl
      (at (xyz 0 0 0))
      (scale (xyz 1 1 1))
      (rotate (xyz 0 0 0))
    )
  )

  (module R_0603_1608Metric (layer F.Cu) (tedit 5F68FEEE) (tstamp 61F75814)
    (at 136.24848 115.66478)
    (descr "Resistor SMD 0603 (1608 Metric), square (rectangular) end terminal, IPC_7351 nominal, (Body size source: IPC-SM-782 page 72, https://www.pcb-3d.com/wordpress/wp-content/uploads/ipc-sm-782a_amendment_1_and_2.pdf), generated with kicad-footprint-generator")
    (tags resistor)
    (path /62097BE9)
    (attr smd)
    (fp_text reference R9 (at -0.7239 -1.43764) (layer F.SilkS)
      (effects (font (size 1 1) (thickness 0.15)))
    )
    (fp_text value 10k (at 0 1.43) (layer F.Fab)
      (effects (font (size 1 1) (thickness 0.15)))
    )
    (fp_line (start 1.48 0.73) (end -1.48 0.73) (layer F.CrtYd) (width 0.05))
    (fp_line (start 1.48 -0.73) (end 1.48 0.73) (layer F.CrtYd) (width 0.05))
    (fp_line (start -1.48 -0.73) (end 1.48 -0.73) (layer F.CrtYd) (width 0.05))
    (fp_line (start -1.48 0.73) (end -1.48 -0.73) (layer F.CrtYd) (width 0.05))
    (fp_line (start -0.237258 0.5225) (end 0.237258 0.5225) (layer F.SilkS) (width 0.12))
    (fp_line (start -0.237258 -0.5225) (end 0.237258 -0.5225) (layer F.SilkS) (width 0.12))
    (fp_line (start 0.8 0.4125) (end -0.8 0.4125) (layer F.Fab) (width 0.1))
    (fp_line (start 0.8 -0.4125) (end 0.8 0.4125) (layer F.Fab) (width 0.1))
    (fp_line (start -0.8 -0.4125) (end 0.8 -0.4125) (layer F.Fab) (width 0.1))
    (fp_line (start -0.8 0.4125) (end -0.8 -0.4125) (layer F.Fab) (width 0.1))
    (fp_text user %R (at 0 0) (layer F.Fab)
      (effects (font (size 0.4 0.4) (thickness 0.06)))
    )
